x1 = 60;  y1 = 60; x2 = 450;  y2 = 450;
angle = atan2((y2-y1),(x2-x1));